  Lat: 41.5018572447
  Lon: -81.6061525737
  Alt: 218.4718157889
  Lat: 41.5018941402
  Lon: -81.6061004712
  Alt: 218.4851925582
