  Lat: 41.5017253257
  Lon: -81.6062294356
  Alt: 216.1074140922
  Lat: 41.5017995201
  Lon: -81.6060912684
  Alt: 216.1485279738
